40283.226562
39298.777344
38419.296875
40829.039062
40868.796875
40266.367188
41273.785156
41385.085938
41923.531250
41361.328125
39450.417969
41008.457031
40471.101562
41037.136719
39460.527344
41378.996094
40460.156250
39119.976562
40300.250000
40017.082031
40423.472656
39995.089844
41757.460938
40831.312500
39134.011719
40236.093750
41119.988281
39046.722656
39855.089844
42364.167969
41295.804688
40126.000000
39935.492188
39493.519531
39482.730469
39973.765625
39926.089844
39509.539062
40753.921875
41302.632812
40033.355469
41874.191406
42580.234375
39324.875000
41103.351562
40813.515625
42699.503906
41934.054688
41541.046875
41003.242188
39824.976562
40370.707031
38643.531250
40116.417969
40513.222656
40601.179688
43367.750000
41218.980469
42153.167969
40151.304688
42406.562500
39482.835938
41415.468750
39824.187500
41196.351562
42140.546875
38537.800781
39075.941406
40931.511719
40141.679688
40721.312500
40395.300781
41366.230469
41112.652344
41437.207031
40081.828125
40513.253906
40334.128906
41250.210938
40901.468750
39751.894531
40952.925781
40469.046875
39068.105469
40730.843750
42289.691406
40733.480469
40147.398438
39352.601562
39246.480469
40716.179688
40400.285156
41966.511719
40984.175781
39554.312500
41314.328125
41576.804688
41213.617188
42776.593750
40343.417969
42163.898438
37461.425781
42026.656250
40659.582031
40689.257812
40185.109375
39195.406250
39320.632812
39944.523438
40721.496094
41416.179688
39458.449219
38837.437500
40819.867188
40695.906250
40639.277344
40297.152344
40648.531250
39432.976562
42217.210938
42042.664062
40075.191406
38316.363281
38962.570312
41841.304688
39019.535156
39664.207031
41179.066406
41429.726562
41632.628906
41447.457031
40590.066406
38943.667969
41373.574219
41450.914062
41436.792969
42277.902344
40745.449219
39726.726562
40160.859375
41697.425781
40318.988281
41256.238281
41082.636719
40748.839844
40004.429688
42452.648438
40309.734375
40323.152344
39812.558594
41268.535156
40614.800781
41437.710938
41217.519531
41498.578125
40261.941406
42055.703125
40124.363281
41526.511719
41432.945312
42532.125000
40830.910156
42529.003906
39117.359375
39469.453125
41592.390625
42594.082031
39572.957031
40848.160156
40849.992188
41244.441406
41029.539062
39507.214844
40209.789062
43254.781250
40150.480469
39316.589844
39143.898438
38402.496094
40319.777344
40572.792969
40786.402344
42036.808594
41517.609375
42682.890625
41168.406250
39381.218750
39801.300781
41473.613281
41756.527344
39562.152344
40993.554688
41784.984375
42220.972656
41028.230469
41707.964844
40364.105469
42765.761719
41769.621094
42618.968750
37163.453125
40775.992188
41928.343750
41681.109375
41087.792969
39794.078125
42376.648438
38944.863281
41712.968750
39428.316406
42116.562500
37509.769531
40870.820312
39706.394531
42094.156250
40577.855469
40350.472656
41305.437500
41505.046875
40164.296875
42024.062500
40603.054688
40447.347656
41354.878906
41653.203125
39876.726562
39429.476562
41384.816406
39329.105469
42207.964844
41889.625000
41440.246094
41842.750000
38290.808594
42201.535156
41570.285156
41264.574219
39887.527344
40106.531250
42889.648438
42338.375000
41241.886719
40026.996094
40471.605469
41641.414062
41717.085938
39826.785156
40307.808594
41055.039062
38345.406250
40835.476562
39710.339844
39440.183594
41126.343750
42292.460938
41264.691406
39463.492188
40267.421875
41963.636719
41961.351562
42042.726562
42059.441406
39506.226562
39664.640625
38115.964844
41873.468750
41901.109375
42950.968750
40750.894531
41612.324219
40922.089844
41522.691406
42186.609375
40088.855469
40151.890625
40452.250000
40473.742188
39344.820312
40928.621094
40557.554688
39846.437500
41327.929688
39376.761719
39979.949219
40578.492188
42051.136719
40301.921875
39719.136719
38742.285156
40372.468750
40312.386719
41691.058594
37816.144531
41708.476562
41875.136719
41246.421875
38915.140625
40794.910156
40611.402344
40025.242188
41273.859375
39398.121094
38597.816406
40593.917969
43435.828125
41638.761719
39387.621094
40766.074219
40226.000000
42638.902344
40183.960938
40692.863281
42632.562500
41120.070312
40819.292969
40297.800781
41853.527344
41283.898438
40362.523438
40835.804688
42015.898438
38482.171875
39891.425781
41044.718750
40413.785156
41940.187500
40829.785156
41158.773438
40987.980469
43236.265625
38112.566406
40047.089844
41760.804688
38837.703125
39568.042969
40899.976562
39290.613281
40475.554688
38697.359375
41989.988281
39404.859375
41527.628906
40048.402344
40260.945312
40698.675781
41799.554688
38209.191406
39206.972656
40218.253906
42056.109375
43772.519531
41059.675781
39949.984375
40599.988281
39383.082031
38647.609375
39468.464844
38807.960938
41002.054688
41106.253906
41336.433594
41465.917969
41300.355469
41248.078125
39302.371094
40657.089844
41546.742188
40472.046875
41353.441406
40407.964844
41580.031250
40157.761719
41673.886719
41712.472656
44006.394531
41266.597656
40454.613281
40052.148438
40020.425781
39012.289062
42309.675781
39585.988281
40369.761719
38414.304688
38454.308594
40763.023438
41324.507812
39411.250000
40055.265625
42234.312500
40087.355469
40107.480469
42812.980469
40859.046875
42340.906250
39901.707031
42795.257812
39549.621094
40424.433594
168584.171875
